#Insert size (bp)	insert size
2.0	8.0
3.0	15.0
4.0	8.0
5.0	5.0
6.0	11.0
7.0	50.0
8.0	57.0
9.0	48.0
10.0	107.0
11.0	74.0
12.0	91.0
13.0	105.0
14.0	106.0
15.0	96.0
16.0	117.0
17.0	133.0
18.0	143.0
19.0	293.0
20.0	211.0
21.0	187.0
22.0	195.0
23.0	158.0
24.0	170.0
25.0	217.0
26.0	229.0
27.0	215.0
28.0	221.0
29.0	237.0
30.0	242.0
31.0	242.0
32.0	264.0
33.0	294.0
34.0	273.0
35.0	302.0
36.0	298.0
37.0	320.0
38.0	341.0
39.0	366.0
40.0	346.0
41.0	401.0
42.0	414.0
43.0	421.0
44.0	452.0
45.0	431.0
46.0	472.0
47.0	486.0
48.0	512.0
49.0	506.0
50.0	546.0
51.0	532.0
52.0	629.0
53.0	584.0
54.0	654.0
55.0	664.0
56.0	670.0
57.0	705.0
58.0	710.0
59.0	698.0
60.0	758.0
61.0	753.0
62.0	798.0
63.0	783.0
64.0	844.0
65.0	908.0
66.0	896.0
67.0	942.0
68.0	944.0
69.0	1017.0
70.0	1035.0
71.0	984.0
72.0	1093.0
73.0	1116.0
74.0	1166.0
75.0	1187.0
76.0	1245.0
77.0	1305.0
78.0	1365.0
79.0	1302.0
80.0	1384.0
81.0	1349.0
82.0	1419.0
83.0	1533.0
84.0	1540.0
85.0	1555.0
86.0	1699.0
87.0	1677.0
88.0	1708.0
89.0	1683.0
90.0	1786.0
91.0	1889.0
92.0	1909.0
93.0	1987.0
94.0	2048.0
95.0	2088.0
96.0	2179.0
97.0	2204.0
98.0	2252.0
99.0	2387.0
100.0	2475.0
101.0	2570.0
102.0	2403.0
103.0	2600.0
104.0	2793.0
105.0	2805.0
106.0	2804.0
107.0	2841.0
108.0	2965.0
109.0	3000.0
110.0	3115.0
111.0	3307.0
112.0	3435.0
113.0	3346.0
114.0	3469.0
115.0	3548.0
116.0	3638.0
117.0	3755.0
118.0	3770.0
119.0	4025.0
120.0	3927.0
121.0	4076.0
122.0	4238.0
123.0	4208.0
124.0	4302.0
125.0	4526.0
126.0	4562.0
127.0	4789.0
128.0	4707.0
129.0	4907.0
130.0	5115.0
131.0	5218.0
132.0	5279.0
133.0	5478.0
134.0	5534.0
135.0	5731.0
136.0	5665.0
137.0	5774.0
138.0	6001.0
139.0	6182.0
140.0	6302.0
141.0	6448.0
142.0	6609.0
143.0	6820.0
144.0	6781.0
145.0	6959.0
146.0	7036.0
147.0	7146.0
148.0	7460.0
149.0	7555.0
150.0	7678.0
151.0	7845.0
152.0	8004.0
153.0	8137.0
154.0	8406.0
155.0	8598.0
156.0	8714.0
157.0	8754.0
158.0	8969.0
159.0	8971.0
160.0	9312.0
161.0	9571.0
162.0	9649.0
163.0	9994.0
164.0	9866.0
165.0	10232.0
166.0	10175.0
167.0	10417.0
168.0	10622.0
169.0	11034.0
170.0	11221.0
171.0	11363.0
172.0	11559.0
173.0	11821.0
174.0	11871.0
175.0	12250.0
176.0	12289.0
177.0	12497.0
178.0	12735.0
179.0	12905.0
180.0	12910.0
181.0	13311.0
182.0	13391.0
183.0	13611.0
184.0	14029.0
185.0	14190.0
186.0	14400.0
187.0	14576.0
188.0	14517.0
189.0	15046.0
190.0	15245.0
191.0	15269.0
192.0	15272.0
193.0	15867.0
194.0	16009.0
195.0	16323.0
196.0	16217.0
197.0	16665.0
198.0	16734.0
199.0	17311.0
200.0	17293.0
201.0	17349.0
202.0	17815.0
203.0	18226.0
204.0	18093.0
205.0	18409.0
206.0	18494.0
207.0	18558.0
208.0	18958.0
209.0	19344.0
210.0	19076.0
211.0	19322.0
212.0	19772.0
213.0	19706.0
214.0	19920.0
215.0	20466.0
216.0	20361.0
217.0	20749.0
218.0	20798.0
219.0	21195.0
220.0	21253.0
221.0	21781.0
222.0	21615.0
223.0	22221.0
224.0	22246.0
225.0	22451.0
226.0	22490.0
227.0	22834.0
228.0	22282.0
229.0	23039.0
230.0	23197.0
231.0	23274.0
232.0	23452.0
233.0	23609.0
234.0	23767.0
235.0	24041.0
236.0	24141.0
237.0	24327.0
238.0	24040.0
239.0	24201.0
240.0	24644.0
241.0	24799.0
242.0	24835.0
243.0	24850.0
244.0	24850.0
245.0	25548.0
246.0	25354.0
247.0	25377.0
248.0	25497.0
249.0	25519.0
250.0	25295.0
251.0	25450.0
252.0	25750.0
253.0	25995.0
254.0	25828.0
255.0	25987.0
256.0	26075.0
257.0	26045.0
258.0	26074.0
259.0	26043.0
260.0	25811.0
261.0	26293.0
262.0	26302.0
263.0	26294.0
264.0	26742.0
265.0	26507.0
266.0	26423.0
267.0	26303.0
268.0	26099.0
269.0	25990.0
270.0	26327.0
271.0	26240.0
272.0	25958.0
273.0	26131.0
274.0	26379.0
275.0	26237.0
276.0	25819.0
277.0	25958.0
278.0	25517.0
279.0	25567.0
280.0	25745.0
281.0	25502.0
282.0	25565.0
283.0	25578.0
284.0	25625.0
285.0	25493.0
286.0	25756.0
287.0	25433.0
288.0	25184.0
289.0	24839.0
290.0	25096.0
291.0	24704.0
292.0	24896.0
293.0	24888.0
294.0	24556.0
295.0	24462.0
296.0	24697.0
297.0	24186.0
298.0	24052.0
299.0	23693.0
300.0	23633.0
301.0	23808.0
302.0	23695.0
303.0	23398.0
304.0	23172.0
305.0	23144.0
306.0	23235.0
307.0	23044.0
308.0	22825.0
309.0	22319.0
310.0	22392.0
311.0	22343.0
312.0	22053.0
313.0	21904.0
314.0	21915.0
315.0	21688.0
316.0	21534.0
317.0	21214.0
318.0	21048.0
319.0	20942.0
320.0	20700.0
321.0	20458.0
322.0	20478.0
323.0	20091.0
324.0	19941.0
325.0	19934.0
326.0	19844.0
327.0	19469.0
328.0	19675.0
329.0	19184.0
330.0	19075.0
331.0	18657.0
332.0	18642.0
333.0	18579.0
334.0	18175.0
335.0	18454.0
336.0	17931.0
337.0	17777.0
338.0	17901.0
339.0	17312.0
340.0	17176.0
341.0	16926.0
342.0	16602.0
343.0	16613.0
344.0	16332.0
345.0	16016.0
346.0	16256.0
347.0	15804.0
348.0	15997.0
349.0	15834.0
350.0	15502.0
351.0	15402.0
352.0	14988.0
353.0	14801.0
354.0	14621.0
355.0	14409.0
356.0	14473.0
357.0	14371.0
358.0	14308.0
359.0	13925.0
360.0	13592.0
361.0	13700.0
362.0	13257.0
363.0	13251.0
364.0	13198.0
365.0	12988.0
366.0	12617.0
367.0	12775.0
368.0	12676.0
369.0	12329.0
370.0	12223.0
371.0	12020.0
372.0	11889.0
373.0	11666.0
374.0	11563.0
375.0	11478.0
376.0	11332.0
377.0	11168.0
378.0	11103.0
379.0	10864.0
380.0	10706.0
381.0	10772.0
382.0	10340.0
383.0	10166.0
384.0	10125.0
385.0	9859.0
386.0	9674.0
387.0	9716.0
388.0	9786.0
389.0	9435.0
390.0	9382.0
391.0	9270.0
392.0	9029.0
393.0	8947.0
394.0	8912.0
395.0	8590.0
396.0	8515.0
397.0	8476.0
398.0	8231.0
399.0	8252.0
400.0	7871.0
401.0	8073.0
402.0	7707.0
403.0	7695.0
404.0	7589.0
405.0	7225.0
406.0	7460.0
407.0	7237.0
408.0	7153.0
409.0	7111.0
410.0	7031.0
411.0	6861.0
412.0	6864.0
413.0	6519.0
414.0	6446.0
415.0	6465.0
416.0	6301.0
417.0	6203.0
418.0	6185.0
419.0	6032.0
420.0	5968.0
421.0	5841.0
422.0	5802.0
423.0	5561.0
424.0	5490.0
425.0	5445.0
426.0	5331.0
427.0	5308.0
428.0	5030.0
429.0	5058.0
430.0	5000.0
431.0	4950.0
432.0	4729.0
433.0	4778.0
434.0	4671.0
435.0	4620.0
436.0	4454.0
437.0	4477.0
438.0	4340.0
439.0	4440.0
440.0	4212.0
441.0	4218.0
442.0	4086.0
443.0	4090.0
444.0	4070.0
445.0	3949.0
446.0	3846.0
447.0	3869.0
448.0	3795.0
449.0	3627.0
450.0	3598.0
451.0	3556.0
452.0	3460.0
453.0	3275.0
454.0	3330.0
455.0	3258.0
456.0	3125.0
457.0	3100.0
458.0	3080.0
459.0	3038.0
460.0	2932.0
461.0	2880.0
462.0	2730.0
463.0	2845.0
464.0	2791.0
465.0	2748.0
466.0	2655.0
467.0	2676.0
468.0	2545.0
469.0	2499.0
470.0	2418.0
471.0	2443.0
472.0	2397.0
473.0	2362.0
474.0	2299.0
475.0	2167.0
476.0	2163.0
477.0	2180.0
478.0	2071.0
479.0	2143.0
480.0	1920.0
481.0	2040.0
482.0	2047.0
483.0	1920.0
484.0	1888.0
485.0	1763.0
486.0	1772.0
487.0	1706.0
488.0	1826.0
489.0	1772.0
490.0	1688.0
491.0	1683.0
492.0	1619.0
493.0	1615.0
494.0	1647.0
495.0	1575.0
496.0	1524.0
497.0	1473.0
498.0	1405.0
499.0	1431.0
500.0	1300.0
501.0	1362.0
502.0	1433.0
503.0	1275.0
504.0	1233.0
505.0	1288.0
506.0	1184.0
507.0	1186.0
508.0	1208.0
509.0	1094.0
510.0	1121.0
511.0	1110.0
512.0	1112.0
513.0	1034.0
514.0	1052.0
515.0	955.0
516.0	1017.0
517.0	968.0
518.0	971.0
519.0	981.0
520.0	905.0
521.0	911.0
522.0	899.0
523.0	907.0
524.0	841.0
525.0	864.0
526.0	856.0
527.0	801.0
528.0	820.0
529.0	767.0
530.0	756.0
531.0	795.0
532.0	715.0
533.0	641.0
534.0	692.0
535.0	699.0
536.0	657.0
537.0	645.0
538.0	657.0
539.0	607.0
540.0	660.0
541.0	571.0
542.0	586.0
543.0	583.0
544.0	559.0
545.0	532.0
546.0	494.0
547.0	512.0
548.0	514.0
549.0	501.0
550.0	524.0
551.0	471.0
552.0	427.0
553.0	459.0
554.0	489.0
555.0	455.0
556.0	417.0
557.0	415.0
558.0	449.0
559.0	394.0
560.0	376.0
561.0	391.0
562.0	396.0
563.0	373.0
564.0	407.0
565.0	332.0
566.0	324.0
567.0	338.0
568.0	342.0
569.0	329.0
570.0	307.0
571.0	303.0
572.0	321.0
573.0	304.0
574.0	304.0
575.0	304.0
576.0	263.0
577.0	250.0
578.0	269.0
579.0	261.0
580.0	242.0
581.0	233.0
582.0	230.0
583.0	206.0
584.0	243.0
585.0	227.0
586.0	256.0
587.0	232.0
588.0	207.0
589.0	225.0
590.0	215.0
591.0	203.0
592.0	211.0
593.0	234.0
594.0	214.0
595.0	184.0
596.0	200.0
597.0	174.0
598.0	151.0
599.0	152.0
600.0	200.0
601.0	171.0
602.0	159.0
603.0	151.0
604.0	141.0
605.0	131.0
606.0	130.0
607.0	142.0
608.0	124.0
609.0	131.0
610.0	129.0
611.0	114.0
612.0	120.0
613.0	130.0
614.0	156.0
615.0	121.0
616.0	115.0
617.0	101.0
618.0	114.0
619.0	84.0
620.0	100.0
621.0	127.0
622.0	113.0
623.0	106.0
624.0	105.0
625.0	93.0
626.0	87.0
627.0	80.0
628.0	88.0
629.0	80.0
630.0	66.0
631.0	65.0
632.0	102.0
633.0	92.0
634.0	76.0
635.0	82.0
636.0	68.0
637.0	85.0
638.0	78.0
639.0	78.0
640.0	61.0
641.0	69.0
642.0	81.0
643.0	81.0
644.0	66.0
645.0	73.0
646.0	59.0
647.0	77.0
648.0	50.0
649.0	52.0
650.0	66.0
651.0	46.0
652.0	47.0
653.0	57.0
654.0	66.0
655.0	47.0
656.0	46.0
657.0	67.0
658.0	51.0
659.0	50.0
660.0	48.0
661.0	46.0
662.0	74.0
663.0	30.0
664.0	48.0
665.0	49.0
666.0	45.0
667.0	33.0
668.0	36.0
669.0	29.0
670.0	27.0
671.0	25.0
672.0	29.0
673.0	27.0
674.0	26.0
675.0	29.0
676.0	28.0
677.0	40.0
678.0	21.0
