#Position (bp)	insert size
7831.5	2444.3996913580245
23493.5	483.44042128450474
39155.5	1857.2305755395682
54817.5	1903.5970814132104
70479.5	1800.5960491986582
86141.5	338.8260626006582
101803.5	1668.3207384526975
117465.5	274.35841822762626
133127.5	854.871129587156
148789.5	1072.4683422606786
164451.5	422.7244792436106
180113.5	778.8783754590625
195775.5	981.8434628734772
211437.5	552.6506646971935
227099.5	950.29675899486
242761.5	1517.539749888343
258423.5	1238.4764551038315
274085.5	515.2582529738861
289747.5	1680.0539007092198
305409.5	1673.9441694169418
321071.5	1340.4495477175515
336733.5	557.3846099887767
352395.5	362.54120438210873
368057.5	1265.8329200028343
383719.5	3044.644620299114
399381.5	1006.9079118028534
415043.5	1837.5632830296126
430705.5	1691.5478638667632
446367.5	1191.1701661364439
462029.5	1462.419603218646
477691.5	612.7934729322782
493353.5	313.1775813579751
509015.5	2321.676105797968
524677.5	3005.839210907152
540339.5	281.84415584415586
556001.5	686.2435964453738
571663.5	444.2813561721404
587325.5	360.071722516167
602987.5	888.0986005089059
618649.5	1593.4997646320414
634311.5	1431.08805875849
649973.5	516.7011696730552
665635.5	954.8653958090804
681297.5	398.50373638886913
696959.5	271.6178107606679
712621.5	785.9250633267661
728283.5	970.5102409638554
743945.5	283.31650465140586
759607.5	1019.3010440835267
775269.5	722.7153308405137
790931.5	270.73188010899185
806593.5	1032.9039430773792
822255.5	1902.3769328452977
837917.5	968.1198557019804
853579.5	1449.0644007155636
869241.5	1238.84825142505
884903.5	1588.4304961970302
900565.5	279.1094873579216
916227.5	919.844729136164
931889.5	1176.0183139319345
947551.5	1080.638408048528
963213.5	5767.806420521945
978875.5	860.3719063052446
994537.5	912.4956178790535
1010199.5	890.2243863586996
1025861.5	497.24030782633946
1041523.5	794.5587231622352
1057185.5	272.4173112079876
1072847.5	275.3904209815398
1088509.5	402.29569413511507
1104171.5	940.7931397622988
1119833.5	1085.0089528142657
1135495.5	894.2643500073779
1151157.5	826.113646702047
1166819.5	826.1141223641224
1182481.5	1501.3682159557886
1198143.5	1445.982331897496
1213805.5	887.014624418347
1229467.5	418.1747651800902
1245129.5	1965.5403279170648
1260791.5	617.99354791407
1276453.5	1477.095921215881
1292115.5	348.72792738729277
1307777.5	2185.506220666021
1323439.5	1667.7995228455754
1339101.5	329.04958281384864
1354763.5	866.1137967272182
1370425.5	1789.8042105263157
1386087.5	767.5060111800291
1401749.5	1396.647775746496
1417411.5	1183.5608164787027
1433073.5	703.8974271596525
1448735.5	923.2670578499963
1464397.5	364.00186344663086
1480059.5	1125.544343006195
1495721.5	811.5862438220757
1511383.5	601.7675592317398
1527045.5	378.6613224915618
1542707.5	1499.7318251533743
1558369.5	952.6931186187433
1574031.5	1467.748243473116
1589693.5	1154.894643385617
1605355.5	1031.4152889040395
1621017.5	658.9108541872671
1636679.5	918.5697493383154
1652341.5	334.99475125513464
1668003.5	1003.6798862725086
1683665.5	634.8309764309764
1699327.5	1176.299450980392
1714989.5	903.2134068090888
1730651.5	417.0939409556063
1746313.5	1522.1263197873147
1761975.5	772.6165917574465
1777637.5	640.1077576225396
1793299.5	457.0234549803256
1808961.5	720.5012234588365
1824623.5	869.0194534857316
1840285.5	3449.173832825285
1855947.5	1185.4986388384755
1871609.5	1242.173400548595
1887271.5	1241.917284316632
1902933.5	582.492305336498
1918595.5	826.8049599389547
1934257.5	960.8873636848929
1949919.5	620.8340057214112
1965581.5	447.5165557963973
1981243.5	1346.858261550509
1996905.5	1085.5487832613146
2012567.5	729.5688272100112
2028229.5	763.1609447094705
2043891.5	292.06360506962915
2059553.5	1573.858741920227
2075215.5	1072.960181337363
2090877.5	866.1292952314166
2106539.5	283.33208329221355
2122201.5	601.2387773516806
2137863.5	1130.5941053608726
2153525.5	512.6034694378528
2169187.5	1000.2243949350858
2184849.5	652.8831870886869
2200511.5	1273.9358288770054
2216173.5	607.1873684210526
2231835.5	1035.336220336047
2247497.5	749.4215418261344
2263159.5	1248.4946453515442
2278821.5	960.878649379722
2294483.5	335.0530966211241
2310145.5	1336.806486654252
2325807.5	430.70763332957495
2341469.5	837.6024429013637
2357131.5	1045.1699992219715
2372793.5	835.4884670831331
2388455.5	424.4504148876178
2404117.5	279.9291458048854
2419779.5	710.8928916827853
2435441.5	714.5850975162527
2451103.5	1410.255503305391
2466765.5	1364.1041929382093
2482427.5	285.97039349224366
2498089.5	550.2771965704397
2513751.5	405.9954958577978
2529413.5	873.4117049380208
2545075.5	795.3538486521597
2560737.5	665.7018051174202
2576399.5	495.38514626303817
2592061.5	1214.296085858586
2607723.5	1232.9810005362751
2623385.5	536.168450324429
2639047.5	486.32328258447825
2654709.5	1397.1317475572641
2670371.5	886.2547628537266
2686033.5	521.0198665218066
2701695.5	303.06618415161915
2717357.5	773.8037888009738
2733019.5	630.3427457842826
2748681.5	767.0904522613065
2764343.5	616.3667069879966
2780005.5	594.1844786473011
2795667.5	705.9098772105954
2811329.5	281.8193103448276
2826991.5	474.5131306944338
2842653.5	497.7631007751938
2858315.5	371.6644549763033
2873977.5	365.99081733323214
2889639.5	769.3303557677499
2905301.5	476.4659195296711
2920963.5	277.6130357281252
2936625.5	273.49842866121935
2952287.5	514.167587985996
2967949.5	393.61546003016593
2983611.5	908.7320334678021
2999273.5	275.1929235931066
3014935.5	349.0266250185929
3030597.5	413.9366088161004
3046259.5	1017.659281894576
3061921.5	589.3917783329548
3077583.5	443.59133877353156
3093245.5	278.4360573923893
3108907.5	337.90289707380987
3124569.5	1084.4618748291882
3140231.5	281.94818222959725
3155893.5	370.2381969664602
3171555.5	315.54036943890384
3187217.5	571.0767191760073
3202879.5	458.4022091310751
3218541.5	283.8874713521772
3234203.5	312.699287054409
3249865.5	1056.9772275714504
3265527.5	336.93589139987444
3281189.5	780.3538496479673
3296851.5	699.1223709369025
3312513.5	357.69042123485286
3328175.5	296.0983131832332
3343837.5	958.8851330913491
3359499.5	430.9700647249191
3375161.5	1374.1068968017985
3390823.5	281.6027201683198
3406485.5	362.35189669087976
3422147.5	365.25170432784375
3437809.5	593.6454496692294
3453471.5	418.1380062305296
3469133.5	495.3824240592414
3484795.5	494.9201162516691
3500457.5	591.9021739130435
3516119.5	653.1590909090909
3531781.5	438.1733054238749
3547443.5	427.7069394898028
3563105.5	852.1829679595278
3578767.5	666.1609483139449
3594429.5	441.36834712033715
3610091.5	353.9932811635444
3625753.5	418.8693254777551
3641415.5	778.2175137057342
3657077.5	820.6367979154603
3672739.5	1055.4098934773092
3688401.5	671.009387976169
3704063.5	449.90400828279843
3719725.5	565.2458532151784
3735387.5	514.5819961725306
3751049.5	451.83787661406024
3766711.5	281.05651182897117
3782373.5	415.3578811369509
3798035.5	653.1963879192593
3813697.5	588.0718313122732
3829359.5	567.8011583011584
3845021.5	576.8254533410616
3860683.5	1567.445904577018
3876345.5	393.78213367609254
3892007.5	306.9043841938275
3907669.5	281.9632352941176
3923331.5	630.1191273918547
3938993.5	406.672021322576
3954655.5	282.14849886221833
3970317.5	317.40101676910234
3985979.5	419.6158633776091
4001641.5	581.31330472103
4017303.5	525.18051995606
4032965.5	535.1462572540953
4048627.5	548.8630096146679
4064289.5	409.5696673475343
4079951.5	389.06051362088533
4095613.5	397.4290266512167
4111275.5	280.68516739339293
4126937.5	284.0921187308086
4142599.5	468.288221808282
4158261.5	477.304612642056
4173923.5	464.4525935217295
4189585.5	303.1614475098531
4205247.5	294.4631211468469
4220909.5	278.23703973751367
4236571.5	397.46703827573396
4252233.5	410.154180553543
4267895.5	932.450085812357
4283557.5	444.5808867141163
4299219.5	392.39928222357975
4314881.5	343.1212210155562
4330543.5	415.0606768620787
4346205.5	279.2995205844304
4361867.5	374.8005693736889
4377529.5	281.9782527464315
4393191.5	278.33446276635794
4408853.5	278.3908238202574
4424515.5	278.967954311097
4440177.5	280.7288398934596
4455839.5	279.16156169111304
4471501.5	293.3713781202344
4487163.5	403.3027062418158
4502825.5	450.88449044345396
4518487.5	281.19952732220867
4534149.5	402.4030814380044
4549811.5	304.21976828385226
4565473.5	300.61180056607884
4581135.5	295.76079659879167
4596797.5	579.3095647193585
4612459.5	312.67665922029255
4628121.5	280.3881436607529
4643783.5	302.8253296434967
4659445.5	348.8540788403225
4675107.5	280.6647680431687
4690769.5	443.22209484106304
4706431.5	281.8988868274583
4722093.5	354.55580126787555
4737755.5	286.215618933851
4753417.5	487.2621445094571
4769079.5	433.4940071913704
4784741.5	329.13804046013485
4800403.5	408.9379598189021
4816065.5	334.7245663040282
4831727.5	320.42310876928866
4847389.5	279.2379973572163
4863051.5	314.9471283278492
4878713.5	309.70462928114415
4894375.5	328.23823246878004
4910037.5	423.0840915553028
4925699.5	374.07142857142856
4941361.5	284.6610457701573
4957023.5	277.37896853900304
4972685.5	277.0338947070478
4988347.5	419.16054623929807
5004009.5	278.32412714955706
5019671.5	283.14702927669344
5035333.5	341.8036898681101
5050995.5	311.56885305972884
5066657.5	282.31111284776495
5082319.5	287.08769376319043
5097981.5	277.49399736658665
5113643.5	440.38209018718095
5129305.5	324.3816129959747
5144967.5	305.77420064535056
5160629.5	278.20315682281057
5176291.5	350.2968012585212
5191953.5	363.8123402701716
5207615.5	355.4264357076116
5223277.5	278.9291326908821
5238939.5	279.4108130821486
5254601.5	332.26781485468246
5270263.5	274.16507290606984
5285925.5	336.05962679631085
5301587.5	326.1769197207679
5317249.5	280.74172413793104
5332911.5	304.51706519517677
5348573.5	341.04903799402655
5364235.5	395.7494105511347
5379897.5	295.70795822830394
5395559.5	333.71353199078544
5411221.5	300.62711989928164
5426883.5	326.90548036387844
5442545.5	280.9738829452486
5458207.5	281.4415410882637
5473869.5	282.69035308021864
5489531.5	283.73446368273585
5505193.5	282.37099225591663
5520855.5	286.84277489515955
5536517.5	321.84229240744617
5552179.5	331.2095997700654
5567841.5	281.02935025600345
5583503.5	322.3260492040521
5599165.5	310.364248370694
5614827.5	279.0034241788959
5630489.5	322.07951807228915
5646151.5	295.5028135907116
5661813.5	281.5176933158585
5677475.5	277.9493845941087
5693137.5	280.46400973096735
5708799.5	299.52824245817874
5724461.5	277.22595399895454
5740123.5	281.02327972387457
5755785.5	281.5727970749543
5771447.5	281.8067286535595
5787109.5	281.91786432883015
5802771.5	281.1247205142538
5818433.5	277.2697824109704
5834095.5	279.91815349759275
5849757.5	280.9140580126364
5865419.5	281.3708618620738
5881081.5	283.10054328653075
5896743.5	278.7193068612319
5912405.5	282.75839910595795
5928067.5	277.1711556664659
5943729.5	279.98467198038014
5959391.5	278.0933521923621
5975053.5	281.156842031129
5990715.5	282.16599014207014
6006377.5	293.26775732788
6022039.5	281.8345714678773
6037701.5	276.0781836130306
6053363.5	291.74142940151074
6069025.5	280.18207222699914
6084687.5	280.7151885251722
6100349.5	286.06045467709237
6116011.5	285.10287303058385
6131673.5	279.8497184340864
6147335.5	280.29830718414536
6162997.5	287.1367163359198
6178659.5	280.2319962309867
6194321.5	276.59094876787753
6209983.5	283.4928552350427
6225645.5	282.73243189235995
6241307.5	277.64029850746266
6256771.5	275.3800735494416
