# Position (bp)	A	C	G	T	N
0.0	16.262824180778114	33.80087943545739	33.15541015399041	16.780224087379253	6.621423948255779E-4
1.0	17.00880590513963	32.87968242137428	32.70577846090076	17.40527346542605	4.5974715929126484E-4
2.0	17.316748884203694	32.916259759456395	32.474268717800584	17.292364312122153	3.58326417174089E-4
3.0	16.749775766972412	33.51818407778453	33.50974895079503	16.22196995369216	3.212507558571356E-4
4.0	17.453650594277672	32.73821242654248	33.670516575579164	16.137070468987904	5.499346127745411E-4
5.0	17.486830479205114	32.774171634213815	33.04017911719556	16.69813247556977	6.862938157423722E-4
6.0	16.674060658903937	33.84107242426828	33.42025961189268	16.064360381261128	2.4692367397185784E-4
7.0	17.06070597619305	33.32425538510439	33.34416899167238	16.270769119415565	1.005276146158744E-4
8.0	17.10252338001071	33.36064772083765	32.668509725739256	16.868026943255206	2.9223015718420905E-4
9.0	16.429305484252403	34.13472199130443	33.183586061321584	16.25224046021576	1.4600290582283314E-4
10.0	16.801586302232444	33.076657324124334	33.46406935540652	16.657413480122397	2.7353811429935994E-4
11.0	17.067388373701377	33.12406368837362	32.815276213239784	16.992907201635834	3.6452304938476256E-4
12.0	16.437582594000613	33.765115117672515	33.501688699779045	16.295458749701822	1.5483884600611867E-4
13.0	16.991823107856234	32.92951214017009	33.49985093614378	16.578722784467317	9.103136258019294E-5
14.0	17.268849327476822	33.0559713897199	32.87615634701429	16.79601146143484	0.0030114743541570263
15.0	16.52079777468403	33.71399161050787	33.5582867831399	16.206087246717086	8.365849511097937E-4
16.0	16.99554273504351	33.11415735623234	33.49484912215386	16.39495086901124	4.999175590498075E-4
17.0	17.217610830433937	33.07095070304165	32.94873907877275	16.762254188912223	4.451988394302254E-4
18.0	16.541973200985705	33.68516325762179	33.581930145866835	16.190697268059708	2.3612746596540443E-4
19.0	16.94539857673602	32.93464039471118	33.66527332485781	16.45440627552145	2.814281735384164E-4
20.0	17.15713913249994	32.98134096505277	33.018203651003105	16.843134751267165	1.8150017700804762E-4
21.0	16.413747917468804	33.70457215165436	33.58322195654691	16.298213024025817	2.449503041194109E-4
22.0	16.837945165908522	33.01289112223552	33.51296345255517	16.635501897593873	6.983617069229866E-4
23.0	17.086804383124832	33.171980671773035	32.735398197671486	17.004529214485217	0.0012875329454292762
24.0	16.442712526789016	33.84158960452969	33.346383752672104	16.36896058531629	3.5353069290021535E-4
25.0	16.94853503279384	33.044119444988475	33.38769593761354	16.61937769605815	2.7188854599715257E-4
26.0	17.191101034896146	33.076906348287274	32.88159813118833	16.849733007487387	6.614781408658477E-4
27.0	16.57056789072073	33.615271193696195	33.68521282595451	16.128721594705457	2.2649492311629837E-4
28.0	17.01613293323934	32.92049409180168	33.74048386299046	16.32266265050855	2.2646145997348046E-4
29.0	17.194128206435728	32.9776506757258	33.028499145022934	16.74029610764659	0.05942586516895251
30.0	16.544936105269414	33.66645204163122	33.59510763620658	16.192688955784583	8.152611082043531E-4
31.0	16.924899604433406	33.037140063117434	33.51529529605345	16.52238418429406	2.8085210165251567E-4
32.0	17.1055724326355	33.01062902647933	32.967035356812964	16.916518530345126	2.4465372708206215E-4
33.0	16.471089253809637	33.785590240487714	33.43850830442721	16.301177977802052	0.0036342234733859743
34.0	16.906492981695838	33.05560392459048	33.399328739518864	16.638003292397872	5.710617969538113E-4
35.0	17.070191048362545	33.19646396521772	32.77622755866692	16.95475115009254	0.002366277660289926
36.0	16.43223532642139	33.83218117177524	33.4540507983639	16.280961413635765	5.712898037102642E-4
37.0	16.909948581616085	33.09917091903253	33.46092169264825	16.52945090810908	5.078985940550651E-4
38.0	17.154194184430978	33.073622243098285	32.98585749290534	16.785799944628835	5.261349365571979E-4
39.0	16.531167868833837	33.6027915307936	33.73700043995335	16.128640945167515	3.992152516920603E-4
40.0	16.927334386585745	32.99949787647943	33.65596108102575	16.41625377375365	9.528821554303257E-4
41.0	17.146939898885005	33.02272582034297	33.010562101774376	16.819272921892225	4.992571054271244E-4
42.0	16.508221641560798	33.699341916380035	33.55978584089663	16.232033176755714	6.174244068231209E-4
43.0	16.862445047174823	33.02848945557897	33.54493384044066	16.563368706958048	7.629498474917752E-4
44.0	17.073010065506978	33.154988236874004	32.86364722960734	16.90800920188737	3.4526612431415836E-4
45.0	16.387663892863806	33.86374901230482	33.4462833347407	16.301640221629118	6.635384615524454E-4
46.0	16.85927615013946	33.05979685820131	33.49396273457302	16.586536865816147	4.273912700695438E-4
47.0	17.025615496807887	33.20285776252318	32.88224556990769	16.888653446985906	6.277237753382067E-4
48.0	16.419366057419104	33.75561160447448	33.59478269939712	16.22978454842893	4.550902803547265E-4
49.0	16.93358107575261	33.01493138607112	33.590136612265695	16.460695265714488	6.556601960897519E-4
50.0	17.088259754989107	33.0901009447213	33.05573352751106	16.76510398785952	8.017849190087897E-4
51.0	16.4707998522714	33.650357838892134	33.70754751470152	16.170547216673384	7.475774615606153E-4
52.0	16.911869613018556	32.98740129150719	33.64804257879621	16.45240372352828	2.8279314976469786E-4
53.0	17.0995533086705	33.126065245997886	32.930213333995425	16.843392225219475	7.758861167137188E-4
54.0	16.439652047214413	33.7958053087306	33.51165988187903	16.252206856117045	6.759060589223848E-4
55.0	16.880271722816108	33.0730828195904	33.4795189603776	16.565115523147593	0.0020109740683065735
56.0	17.017680707228287	33.24316223880482	32.83451042475197	16.902679625833873	0.001967003381050091
57.0	16.379141821407504	33.854128849208706	33.48705247745419	16.276508769499387	0.0031680824302085637
58.0	16.849788552549924	33.103915507527034	33.49421447373099	16.55106427511298	0.0010171910790692867
59.0	17.054656515601845	33.18110893819472	32.90451684842766	16.859002325967236	7.153718085360549E-4
60.0	16.39223481935648	33.782171854089526	33.61786992381271	16.20618083404302	0.0015425686982510668
61.0	16.90273446930465	33.04060134265547	33.604592482185964	16.451418224598193	6.534812557185362E-4
62.0	17.069276802527508	33.09331761835237	33.0571013271575	16.779592679004725	7.115729578988157E-4
63.0	16.369070298132847	33.82954290636421	33.69973426189992	16.100997749154736	6.547844482809963E-4
64.0	16.83853435354573	33.174287180179846	33.65556844652806	16.33137818383781	2.3183590855988572E-4
65.0	16.712218752213005	33.66787790158951	32.50452143024663	17.111880538032455	0.0035013779183866657
