# Position (bp)	A	C	G	T	N
0.0	16.262772216294618	33.80098655501969	33.15522322559239	16.780355860942056	6.62142151252028E-4
1.0	17.00871082782518	32.879989002849975	32.70569888681441	17.405141535435696	4.597470747443002E-4
2.0	17.316766027258915	32.916265693096406	32.47436632700369	17.2922436260592	3.58326581786756E-4
3.0	16.7497084420461	33.51827888929499	33.50985294244528	16.22183847551675	3.2125069688454744E-4
4.0	17.453761748087352	32.7381149331651	33.67051947624618	16.137053908140615	5.499343607512579E-4
5.0	17.48687303182408	32.77426629256645	33.040044962302346	16.698129419616983	6.862936901426082E-4
6.0	16.674126201055152	33.840984065922406	33.42027181360517	16.06437099572072	2.4692369655382316E-4
7.0	17.060784891624454	33.32423102142836	33.343998391559346	16.270885167846725	1.0052754111919139E-4
8.0	17.10245921587934	33.36055638399716	32.66851009001688	16.868182080109555	2.922299970621753E-4
9.0	16.42936323376055	34.13492897504846	33.18343698933193	16.252124798926587	1.4600293246889865E-4
10.0	16.801613656043877	33.07648408331861	33.464242596212245	16.657386126310968	2.7353811429935994E-4
11.0	17.067356149298313	33.12396361625524	32.81548623871939	16.992829472976652	3.6452275041163733E-4
12.0	16.43740829224796	33.76521176008751	33.50173100516706	16.295494103834805	1.5483866266757868E-4
13.0	16.991818112303417	32.92955820719438	33.49978698690242	16.578745662361495	9.103123827972806E-5
14.0	17.268919883686262	33.05607786225969	32.876053775952215	16.795937007309504	0.003011470792327064
15.0	16.520923737824408	33.7139699428113	33.558165273163304	16.206104462238827	8.365839621580338E-4
16.0	16.99541203516361	33.11414248613958	33.49493375100938	16.395011810764537	4.999169228968132E-4
17.0	17.217492115900576	33.07101458887749	32.94876675513091	16.76228134173698	4.4519835403808536E-4
18.0	16.54194909605039	33.685277974449576	33.58191781100593	16.190618991242587	2.3612725151875232E-4
19.0	16.94549843834599	32.93474025632115	33.66500097501245	16.454478902146878	2.814281735384164E-4
20.0	17.156992375359756	32.981310746969356	33.01830047968677	16.84321489782358	1.81500160536892E-4
21.0	16.41367073462703	33.70463575834503	33.58328553021004	16.29816302644711	2.449503707868196E-4
22.0	16.83800254475658	33.01309681675059	33.512760832334386	16.635441444704874	6.983614535677156E-4
23.0	17.0867844710206	33.17187801340321	32.73545902469804	17.00459095874992	0.0012875321282334851
24.0	16.442668814681923	33.84139296831397	33.346604325636434	16.368980360835018	3.5353053266445357E-4
25.0	16.94860277496474	33.04417405855496	33.38759620088632	16.619355077269756	2.718883242271892E-4
26.0	17.191245731202976	33.07678869028849	32.88163462214577	16.849669478581532	6.614777812331686E-4
27.0	16.57064497728892	33.61542498023154	33.68504040303742	16.128663144703683	2.2649473843662821E-4
28.0	17.016084178335454	32.92055198552098	33.74045013234391	16.322687242626877	2.2646117277900468E-4
29.0	17.194100460851114	32.977560488010724	33.02859005064824	16.74032319991044	0.05942580057947627
30.0	16.544866767432847	33.66645777884305	33.59505908735406	16.192801106000335	8.152603697042725E-4
31.0	16.92490253076643	33.03723680770209	33.515219732262885	16.52236007726873	2.8085199987461316E-4
32.0	17.105613327578833	33.010574571246494	32.96705337974265	16.91651406763844	2.446537935881315E-4
33.0	16.47112859726819	33.785478300793606	33.43853243402799	16.301226445754295	0.003634222155922087
34.0	16.90654749899724	33.05550406428528	33.39943754914646	16.637939825463476	5.710621075364335E-4
35.0	17.070168712108362	33.19651825076997	32.77625430270773	16.954692454822872	0.0023662795910742484
36.0	16.43221246484638	33.83219971509845	33.45405996498444	16.280956564800775	5.71290269956416E-4
37.0	16.910013735037843	33.09921914169436	33.460879448741025	16.52937977561026	5.078989165064971E-4
38.0	17.15412032330462	33.07370981449834	32.985808955056534	16.785834771965305	5.261351751934885E-4
39.0	16.531160295644327	33.60285809112307	33.73702164708606	16.128560750858632	3.9921528791315834E-4
40.0	16.927236096994335	32.9995371714825	33.65599136053434	16.416282488746916	9.528822419050385E-4
41.0	17.14701251810034	33.02262596892188	33.010571179176296	16.819291076696057	4.992571054271244E-4
42.0	16.508250379784144	33.699354055974794	33.55970717010489	16.23207096967329	6.174244628838463E-4
43.0	16.862417798965986	33.02853486926037	33.544924757704386	16.563359624221768	7.629498474917752E-4
44.0	17.073100925013378	33.155006408775286	32.863565456051575	16.90798194403545	3.4526612431415836E-4
45.0	16.38766836156857	33.863767336083235	33.4462197385476	16.301681025158114	6.635386424908332E-4
46.0	16.859162534761925	33.05987862448356	33.493890030923126	16.58664141844472	4.2739138666316996E-4
47.0	17.025559755041925	33.20295467147498	32.88226028092032	16.888597568159273	6.27724403513983E-4
48.0	16.419388474331416	33.75563948645358	33.59474664907467	16.229770299238652	4.550909016770646E-4
49.0	16.93355867433705	33.014903631934445	33.590146069452906	16.4607359631839	6.556610916957518E-4
50.0	17.08823443927242	33.090112804893884	33.05575445817999	16.76509651178502	8.01785868688066E-4
51.0	16.470790414035516	33.6503310086979	33.70759371286323	16.170537285715003	7.475786883549577E-4
52.0	16.911904962379786	32.987397714243286	33.6480673931786	16.45234713661001	2.8279358832131814E-4
53.0	17.09951727051363	33.12602850663484	32.930313301331495	16.843365034553443	7.758869665959666E-4
54.0	16.43957572424542	33.79584531126735	33.51165395551091	16.252249102300027	6.759066762864628E-4
55.0	16.880145294717874	33.07320467302884	33.47956772463108	16.565071333370078	0.0020109742521255314
56.0	17.0176775933837	33.24319275147493	32.83451356564219	16.902649086478053	0.001967003021133663
57.0	16.37925769603959	33.853948965835876	33.486991491681174	16.27663376285283	0.003168083590526478
58.0	16.849674054316736	33.10394293611461	33.49418702630154	16.5511787919084	0.0010171913587119828
59.0	17.054586272434364	33.181124195997604	32.90451371262537	16.859060447002907	7.153719397557776E-4
60.0	16.392375407874287	33.78208648546307	33.61778443449711	16.206211102334176	0.0015425698313557986
61.0	16.902802138891744	33.04054283531367	33.60454359408881	16.451457949968887	6.534817368881881E-4
62.0	17.0692168462819	33.093262104552466	33.057147456624996	16.779662019385473	7.115731551726656E-4
63.0	16.369142769621277	33.82965092648766	33.69952900076287	16.101022518058546	6.547850696477797E-4
64.0	16.838506019224063	33.1741996131964	33.65563270773507	16.331429823632114	2.3183621235269705E-4
65.0	16.71225042556846	33.667926167401355	32.50455062131496	17.11177139785655	0.0035013878586694757
